$RSRFA,1688649984.75,41.5698,-71.4031,355.53,RSI,3,3,360.3,86.48,41.5700,-71.3988,8.2,15.5,100,*0C
$RSRFA,1688649985.02,41.5698,-71.4031,355.53,RSI,4,4,144.7,1.71,41.5711,-71.4031,8.7,15.5,100,*31
$RSRFA,1688649989.414,41.5699,-71.4031,327.37,RSI,3,3,357.7,82.08,41.5703,-71.3988,8.2,15.5,100,*37
$RSRFA,1688649989.436,41.5699,-71.4031,327.37,RSI,4,4,130.7,349.67,41.5711,-71.4034,8.7,15.5,100,*06
$RSRFA,1688649993.994,41.5700,-71.4032,297.29,RSI,3,3,362.4,96.14,41.5697,-71.3988,8.2,15.5,100,*3F
$RSRFA,1688649994.018,41.5700,-71.4032,297.29,RSI,4,4,118.3,5.52,41.5711,-71.4030,8.7,15.5,100,*02
$RSRFA,1688649998.47,41.5700,-71.4033,271.34,RSI,3,3,377.6,88.62,41.5701,-71.3988,8.2,15.5,100,*00
$RSRFA,1688649998.476,41.5700,-71.4033,271.34,RSI,4,4,116.9,15.71,41.5711,-71.4030,8.7,15.5,100,*33
$RSRFA,1688650002.824,41.5700,-71.4036,267.55,RSI,3,3,396.7,89.58,41.5700,-71.3988,8.2,15.5,100,*3D
$RSRFA,1688650002.833,41.5700,-71.4036,267.55,RSI,4,4,123.9,40.68,41.5709,-71.4026,8.7,15.5,100,*39
$RSRFA,1688650007.312,41.5700,-71.4038,263.31,RSI,3,3,416.3,91.48,41.5699,-71.3988,8.2,15.5,100,*3C
$RSRFA,1688650011.787,41.5699,-71.4040,269.94,RSI,3,3,435.8,88.17,41.5700,-71.3988,8.2,15.5,100,*31
$RSRFA,1688650011.793,41.5699,-71.4040,269.94,RSI,4,4,148.9,38.74,41.5709,-71.4029,8.7,15.5,100,*3D
$RSRFA,1688650016.332,41.5698,-71.4042,264.94,RSI,4,4,162.8,39.51,41.5710,-71.4030,8.7,15.5,100,*34
$RSRFA,1688650020.851,41.5698,-71.4045,246.77,RSI,4,4,180.2,47.50,41.5709,-71.4029,8.7,15.5,100,*3B
$RSRFA,1688650025.409,41.5697,-71.4047,226.69,RSI,4,4,201.1,29.65,41.5712,-71.4035,8.7,15.5,100,*3B
$RSRFA,1688650029.939,41.5695,-71.4048,262.58,RSI,3,3,509.7,54.34,41.5722,-71.3998,8.2,15.5,100,*3E
$RSRFA,1688650029.944,41.5695,-71.4048,262.58,RSI,4,4,219.8,21.63,41.5714,-71.4038,8.7,15.5,100,*39
$RSRFA,1688650040.51,41.5696,-71.4051,1.33,RSI,3,3,524.9,77.61,41.5706,-71.3989,8.2,15.5,100,*01
$RSRFA,1688650046.1,41.5697,-71.4050,20.55,RSI,3,3,517.0,76.40,41.5708,-71.3990,8.2,15.5,100,*0C
$RSRFA,1688650046.112,41.5697,-71.4050,20.55,RSI,4,4,211.5,48.58,41.5709,-71.4031,8.7,15.5,100,*0E
$RSRFA,1688650051.577,41.5698,-71.4049,23.80,RSI,3,3,504.2,85.03,41.5702,-71.3989,8.2,15.5,100,*0B
$RSRFA,1688650051.597,41.5698,-71.4049,23.80,RSI,4,4,194.9,46.82,41.5710,-71.4032,8.7,15.5,100,*0D
$RSRFA,1688650056.937,41.5699,-71.4048,10.51,RSI,4,4,179.0,54.90,41.5708,-71.4030,8.7,15.5,100,*01
$RSRFA,1688650062.487,41.5701,-71.4047,11.35,RSI,3,3,486.4,85.06,41.5704,-71.3989,8.2,15.5,100,*0B
$RSRFA,1688650062.496,41.5701,-71.4047,11.35,RSI,4,4,166.1,50.28,41.5710,-71.4032,8.7,15.5,100,*0F
$RSRFA,1688650067.791,41.5702,-71.4047,0.04,RSI,3,3,479.0,95.50,41.5698,-71.3989,8.2,15.5,100,*39
$RSRFA,1688650067.807,41.5702,-71.4047,0.04,RSI,4,4,152.2,55.50,41.5710,-71.4032,8.7,15.5,100,*31
$RSRFA,1688650073.347,41.5703,-71.4046,2.80,RSI,3,3,475.4,86.80,41.5706,-71.3989,8.2,15.5,100,*3C
$RSRFA,1688650073.361,41.5703,-71.4046,2.80,RSI,4,4,140.9,53.49,41.5711,-71.4033,8.7,15.5,100,*37
$RSRFA,1688650078.848,41.5705,-71.4046,352.78,RSI,3,3,470.5,102.03,41.5696,-71.3991,8.2,15.5,100,*07
$RSRFA,1688650084.374,41.5706,-71.4046,354.12,RSI,3,3,470.0,95.96,41.5702,-71.3990,8.2,15.5,100,*32
$RSRFA,1688650084.385,41.5706,-71.4046,354.12,RSI,4,4,121.8,66.95,41.5710,-71.4032,8.7,15.5,100,*3A
$RSRFA,1688650089.914,41.5707,-71.4046,3.64,RSI,3,3,467.8,99.45,41.5700,-71.3990,8.2,15.5,100,*3C
$RSRFA,1688650089.921,41.5707,-71.4046,3.64,RSI,4,4,113.9,78.81,41.5709,-71.4032,8.7,15.5,100,*30
$RSRFA,1688650095.582,41.5709,-71.4045,12.13,RSI,3,3,463.3,101.44,41.5701,-71.3991,8.2,15.5,100,*31
$RSRFA,1688650095.589,41.5709,-71.4045,12.13,RSI,4,4,105.1,86.53,41.5709,-71.4033,8.7,15.5,100,*0E
$RSRFA,1688650101.138,41.5710,-71.4045,10.48,RSI,3,3,459.9,96.14,41.5706,-71.3990,8.2,15.5,100,*03
$RSRFA,1688650101.157,41.5710,-71.4045,10.48,RSI,4,4,98.7,85.46,41.5711,-71.4033,8.7,15.5,100,*3C
$RSRFA,1688650106.504,41.5711,-71.4044,41.80,RSI,3,3,451.8,88.02,41.5713,-71.3989,8.2,15.5,100,*02
$RSRFA,1688650106.521,41.5711,-71.4044,41.80,RSI,4,4,89.6,101.63,41.5710,-71.4033,8.7,15.5,100,*04
$RSRFA,1688650111.77,41.5712,-71.4042,78.36,RSI,4,4,74.3,91.64,41.5712,-71.4033,8.7,15.5,100,*0C
$RSRFA,1688650117.101,41.5712,-71.4039,88.47,RSI,3,3,415.8,93.30,41.5710,-71.3989,8.2,15.5,100,*0C
$RSRFA,1688650117.112,41.5712,-71.4039,88.47,RSI,4,4,54.3,104.33,41.5711,-71.4033,8.7,15.5,100,*03
$RSRFA,1688650122.573,41.5712,-71.4037,95.65,RSI,3,3,394.5,85.68,41.5714,-71.3990,8.2,15.5,100,*0C
$RSRFA,1688650122.584,41.5712,-71.4037,95.65,RSI,4,4,33.3,78.19,41.5712,-71.4033,8.7,15.5,100,*3C
$RSRFA,1688650127.834,41.5711,-71.4034,100.06,RSI,3,3,373.4,86.92,41.5713,-71.3990,8.2,15.5,100,*36
$RSRFA,1688650132.971,41.5710,-71.4032,84.26,RSI,3,3,352.3,100.57,41.5705,-71.3990,8.2,15.5,100,*3F
$RSRFA,1688650132.982,41.5710,-71.4032,84.26,RSI,4,4,13.6,307.14,41.5711,-71.4033,8.7,15.5,100,*05
$RSRFA,1688650138.178,41.5710,-71.4030,86.04,RSI,3,3,333.0,96.35,41.5707,-71.3990,8.2,15.5,100,*08
$RSRFA,1688650143.445,41.5710,-71.4027,89.94,RSI,3,3,313.9,79.99,41.5715,-71.3990,8.2,15.5,100,*00
$RSRFA,1688650143.461,41.5710,-71.4027,89.94,RSI,4,4,49.8,296.69,41.5712,-71.4033,8.7,15.5,100,*02
$RSRFA,1688650148.597,41.5709,-71.4025,92.52,RSI,3,3,296.9,81.70,41.5713,-71.3990,8.2,15.5,100,*05
$RSRFA,1688650148.597,41.5709,-71.4025,92.52,RSI,4,4,67.1,287.05,41.5711,-71.4033,8.7,15.5,100,*07
$RSRFA,1688650153.825,41.5709,-71.4024,123.66,RSI,4,4,78.8,285.69,41.5711,-71.4033,8.7,15.5,100,*3B
$RSRFA,1688650158.95,41.5708,-71.4023,135.56,RSI,3,3,279.2,91.78,41.5708,-71.3989,8.2,15.5,100,*0D
$RSRFA,1688650158.959,41.5708,-71.4023,135.56,RSI,4,4,87.0,297.06,41.5712,-71.4032,8.7,15.5,100,*38
$RSRFA,1688650164.113,41.5708,-71.4022,142.29,RSI,3,3,273.9,95.72,41.5705,-71.3990,8.2,15.5,100,*3E
$RSRFA,1688650164.12,41.5708,-71.4022,142.29,RSI,4,4,93.9,302.05,41.5712,-71.4032,8.7,15.5,100,*0A
$RSRFA,1688650169.084,41.5707,-71.4022,147.53,RSI,3,3,269.3,89.58,41.5707,-71.3989,8.2,15.5,100,*35
$RSRFA,1688650174.58,41.5707,-71.4021,149.76,RSI,3,3,265.3,94.66,41.5705,-71.3990,8.2,15.5,100,*05
$RSRFA,1688650174.588,41.5707,-71.4021,149.76,RSI,4,4,106.9,301.54,41.5712,-71.4032,8.7,15.5,100,*0A
$RSRFA,1688650179.974,41.5706,-71.4021,149.39,RSI,3,3,261.1,95.54,41.5704,-71.3990,8.2,15.5,100,*32
$RSRFA,1688650179.989,41.5706,-71.4021,149.39,RSI,4,4,113.2,306.01,41.5712,-71.4032,8.7,15.5,100,*08
$RSRFA,1688650185.25,41.5706,-71.4020,150.82,RSI,3,3,256.9,94.65,41.5704,-71.3989,8.2,15.5,100,*02
$RSRFA,1688650185.258,41.5706,-71.4020,150.82,RSI,4,4,119.4,302.27,41.5711,-71.4032,8.7,15.5,100,*0A
$RSRFA,1688650190.818,41.5705,-71.4020,152.92,RSI,3,3,253.3,86.49,41.5707,-71.3989,8.2,15.5,100,*31
$RSRFA,1688650196.488,41.5705,-71.4019,156.05,RSI,3,3,250.1,92.30,41.5704,-71.3989,8.2,15.5,100,*3B
$RSRFA,1688650202.2,41.5704,-71.4019,157.90,RSI,3,3,246.6,95.91,41.5702,-71.3989,8.2,15.5,100,*35
$RSRFA,1688650202.209,41.5704,-71.4019,157.90,RSI,4,4,136.7,306.87,41.5712,-71.4032,8.7,15.5,100,*0D
$RSRFA,1688650207.927,41.5704,-71.4018,158.39,RSI,3,3,243.2,93.64,41.5703,-71.3989,8.2,15.5,100,*3F
$RSRFA,1688650213.475,41.5704,-71.4018,157.86,RSI,3,3,239.9,91.35,41.5703,-71.3989,8.2,15.5,100,*3B
$RSRFA,1688650213.485,41.5704,-71.4018,157.86,RSI,4,4,148.1,305.78,41.5711,-71.4032,8.7,15.5,100,*06
$RSRFA,1688650219.182,41.5703,-71.4017,160.19,RSI,3,3,236.8,298.99,41.5714,-71.4042,8.2,15.5,100,*0A
$RSRFA,1688650219.183,41.5703,-71.4017,160.19,RSI,4,4,154.0,309.02,41.5712,-71.4032,8.7,15.5,100,*0B
$RSRFA,1688650224.761,41.5703,-71.4017,159.46,RSI,4,4,160.0,304.37,41.5711,-71.4033,8.7,15.5,100,*01
$RSRFA,1688650230.392,41.5702,-71.4016,159.13,RSI,4,4,165.7,310.42,41.5712,-71.4032,8.7,15.5,100,*0B
$RSRFA,1688650235.993,41.5702,-71.4016,156.97,RSI,3,3,228.7,26.17,41.5720,-71.4004,8.2,15.5,100,*3B
$RSRFA,1688650236.001,41.5702,-71.4016,156.97,RSI,4,4,171.6,307.86,41.5711,-71.4032,8.7,15.5,100,*0E
$RSRFA,1688650241.757,41.5702,-71.4016,157.38,RSI,4,4,177.5,315.38,41.5713,-71.4031,8.7,15.5,100,*0C
$RSRFA,1688650247.339,41.5701,-71.4015,159.03,RSI,3,3,224.0,82.13,41.5704,-71.3988,8.2,15.5,100,*3B
$RSRFA,1688650252.662,41.5701,-71.4015,159.16,RSI,3,3,221.8,97.51,41.5698,-71.3988,8.2,15.5,100,*3B
$RSRFA,1688650257.947,41.5700,-71.4014,157.28,RSI,3,3,219.2,73.18,41.5706,-71.3989,8.2,15.5,100,*34
$RSRFA,1688650268.491,41.5699,-71.4013,152.69,RSI,4,4,208.8,313.70,41.5712,-71.4031,8.7,15.5,100,*04
$RSRFA,1688650273.84,41.5699,-71.4013,152.56,RSI,4,4,214.8,314.84,41.5713,-71.4031,8.7,15.5,100,*32
$RSRFA,1688650279.151,41.5698,-71.4012,153.47,RSI,3,3,212.0,59.70,41.5708,-71.3990,8.2,15.5,100,*35
$RSRFA,1688650279.163,41.5698,-71.4012,153.47,RSI,4,4,220.9,315.36,41.5713,-71.4031,8.7,15.5,100,*0F
$RSRFA,1688650284.373,41.5698,-71.4012,154.40,RSI,4,4,227.2,12.24,41.5718,-71.4006,8.7,15.5,100,*3A
$RSRFA,1688650289.815,41.5698,-71.4011,157.96,RSI,3,3,209.3,60.27,41.5707,-71.3989,8.2,15.5,100,*3E
$RSRFA,1688650289.825,41.5698,-71.4011,157.96,RSI,4,4,233.1,318.64,41.5713,-71.4030,8.7,15.5,100,*01
$RSRFA,1688650295.286,41.5697,-71.4011,156.08,RSI,4,4,239.1,312.53,41.5712,-71.4032,8.7,15.5,100,*01
$RSRFA,1688650300.925,41.5697,-71.4010,152.61,RSI,3,3,207.0,54.19,41.5708,-71.3990,8.2,15.5,100,*3F
$RSRFA,1688650300.939,41.5697,-71.4010,152.61,RSI,4,4,245.1,314.03,41.5712,-71.4031,8.7,15.5,100,*02
$RSRFA,1688650306.613,41.5696,-71.4010,151.98,RSI,4,4,251.5,313.41,41.5712,-71.4032,8.7,15.5,100,*04
$RSRFA,1688650311.94,41.5696,-71.4009,152.77,RSI,3,3,205.1,30.14,41.5712,-71.3997,8.2,15.5,100,*02
$RSRFA,1688650311.952,41.5696,-71.4009,152.77,RSI,4,4,258.0,313.79,41.5712,-71.4032,8.7,15.5,100,*05
$RSRFA,1688650317.376,41.5695,-71.4009,154.24,RSI,3,3,204.6,49.06,41.5708,-71.3990,8.2,15.5,100,*3F
$RSRFA,1688650322.143,41.5695,-71.4008,158.46,RSI,4,4,272.1,308.80,41.5710,-71.4033,8.7,15.5,100,*01
$RSRFA,1688650326.657,41.5695,-71.4007,160.79,RSI,3,3,204.9,49.99,41.5706,-71.3989,8.2,15.5,100,*35
$RSRFA,1688650326.662,41.5695,-71.4007,160.79,RSI,4,4,279.2,319.83,41.5714,-71.4029,8.7,15.5,100,*0D
$RSRFA,1688650331.162,41.5694,-71.4007,164.24,RSI,4,4,286.5,314.72,41.5712,-71.4031,8.7,15.5,100,*0A
$RSRFA,1688650335.775,41.5693,-71.4006,164.78,RSI,3,3,207.9,31.71,41.5709,-71.3993,8.2,15.5,100,*3A
$RSRFA,1688650335.781,41.5693,-71.4006,164.78,RSI,4,4,293.5,306.28,41.5709,-71.4035,8.7,15.5,100,*0C
$RSRFA,1688650340.406,41.5693,-71.4006,169.22,RSI,3,3,209.8,44.00,41.5706,-71.3988,8.2,15.5,100,*33
$RSRFA,1688650340.412,41.5693,-71.4006,169.22,RSI,4,4,300.5,308.25,41.5710,-71.4034,8.7,15.5,100,*04
$RSRFA,1688650345.643,41.5692,-71.4006,171.44,RSI,3,3,212.5,45.47,41.5706,-71.3987,8.2,15.5,100,*37
$RSRFA,1688650345.655,41.5692,-71.4006,171.44,RSI,4,4,307.2,313.74,41.5711,-71.4032,8.7,15.5,100,*01
$RSRFA,1688650351.314,41.5692,-71.4005,169.11,RSI,3,3,215.5,39.13,41.5707,-71.3989,8.2,15.5,100,*3D
$RSRFA,1688650351.327,41.5692,-71.4005,169.11,RSI,4,4,314.3,304.74,41.5708,-71.4036,8.7,15.5,100,*07
$RSRFA,1688650356.836,41.5691,-71.4005,169.42,RSI,3,3,219.0,42.52,41.5706,-71.3987,8.2,15.5,100,*3B
$RSRFA,1688650356.844,41.5691,-71.4005,169.42,RSI,4,4,321.7,307.79,41.5709,-71.4035,8.7,15.5,100,*05
$RSRFA,1688650362.29,41.5690,-71.4004,164.59,RSI,3,3,222.1,38.82,41.5706,-71.3988,8.2,15.5,100,*0B
$RSRFA,1688650362.298,41.5690,-71.4004,164.59,RSI,4,4,329.3,39.29,41.5713,-71.3979,8.7,15.5,100,*34
$RSRFA,1688650367.621,41.5690,-71.4004,163.86,RSI,3,3,225.2,31.63,41.5707,-71.3989,8.2,15.5,100,*37
$RSRFA,1688650367.63,41.5690,-71.4004,163.86,RSI,4,4,337.3,321.86,41.5714,-71.4029,8.7,15.5,100,*3E
$RSRFA,1688650373.089,41.5689,-71.4003,168.72,RSI,3,3,229.3,27.94,41.5707,-71.3990,8.2,15.5,100,*33
$RSRFA,1688650378.474,41.5689,-71.4003,169.10,RSI,3,3,233.4,32.86,41.5706,-71.3987,8.2,15.5,100,*37
$RSRFA,1688650382.889,41.5688,-71.4002,173.59,RSI,3,3,237.7,31.82,41.5706,-71.3987,8.2,15.5,100,*3A
$RSRFA,1688650387.427,41.5687,-71.4002,178.34,RSI,3,3,242.2,26.15,41.5707,-71.3989,8.2,15.5,100,*38
$RSRFA,1688650391.868,41.5687,-71.4001,179.39,RSI,3,3,247.0,27.88,41.5706,-71.3987,8.2,15.5,100,*3A
$RSRFA,1688650396.181,41.5686,-71.4000,181.25,RSI,3,3,252.0,29.24,41.5706,-71.3986,8.2,15.5,100,*34
$RSRFA,1688650404.992,41.5685,-71.3999,176.73,RSI,3,3,261.0,24.38,41.5706,-71.3987,8.2,15.5,100,*35
$RSRFA,1688650409.433,41.5684,-71.3999,169.39,RSI,3,3,265.5,19.83,41.5707,-71.3988,8.2,15.5,100,*3E
$RSRFA,1688650413.757,41.5684,-71.3998,169.26,RSI,3,3,270.3,19.34,41.5707,-71.3988,8.2,15.5,100,*35
$RSRFA,1688650418.007,41.5683,-71.3998,173.61,RSI,3,3,276.4,21.35,41.5706,-71.3986,8.2,15.5,100,*37
$RSRFA,1688650422.304,41.5682,-71.3997,176.60,RSI,3,3,282.7,23.79,41.5706,-71.3984,8.2,15.5,100,*34
$RSRFA,1688650426.694,41.5682,-71.3997,179.16,RSI,3,3,288.7,26.85,41.5705,-71.3981,8.2,15.5,100,*38
$RSRFA,1688650431.686,41.5681,-71.3997,179.95,RSI,3,3,294.3,25.99,41.5705,-71.3981,8.2,15.5,100,*32
$RSRFA,1688650440.427,41.5680,-71.3996,178.22,RSI,3,3,305.2,26.51,41.5705,-71.3979,8.2,15.5,100,*38
$RSRFA,1688650440.432,41.5680,-71.3996,178.22,RSI,4,4,462.2,317.57,41.5711,-71.4033,8.7,15.5,100,*0D
$RSRFA,1688650444.686,41.5679,-71.3995,178.82,RSI,3,3,310.5,14.63,41.5706,-71.3986,8.2,15.5,100,*3A
$RSRFA,1688650444.692,41.5679,-71.3995,178.82,RSI,4,4,469.1,315.72,41.5710,-71.4035,8.7,15.5,100,*04
$RSRFA,1688650448.956,41.5679,-71.3995,178.53,RSI,4,4,476.2,318.47,41.5711,-71.4033,8.7,15.5,100,*02
$RSRFA,1688650453.191,41.5678,-71.3994,177.89,RSI,3,3,321.8,12.15,41.5707,-71.3986,8.2,15.5,100,*30
$RSRFA,1688650453.197,41.5678,-71.3994,177.89,RSI,4,4,483.3,320.30,41.5712,-71.4032,8.7,15.5,100,*07
$RSRFA,1688650457.477,41.5678,-71.3994,178.83,RSI,3,3,328.1,23.76,41.5705,-71.3978,8.2,15.5,100,*38
$RSRFA,1688650457.483,41.5678,-71.3994,178.83,RSI,4,4,490.8,315.44,41.5709,-71.4035,8.7,15.5,100,*07
$RSRFA,1688650466.087,41.5676,-71.3993,170.27,RSI,4,4,504.9,328.83,41.5715,-71.4025,8.7,15.5,100,*0E
$RSRFA,1688650470.568,41.5676,-71.3993,165.14,RSI,3,3,344.4,13.21,41.5706,-71.3984,8.2,15.5,100,*37
$RSRFA,1688650470.573,41.5676,-71.3993,165.14,RSI,4,4,511.1,323.79,41.5713,-71.4029,8.7,15.5,100,*0B
$RSRFA,1688650475.016,41.5675,-71.3992,138.12,RSI,3,3,354.9,24.43,41.5704,-71.3975,8.2,15.5,100,*32
$RSRFA,1688650475.021,41.5675,-71.3992,138.12,RSI,4,4,522.8,346.44,41.5721,-71.4007,8.7,15.5,100,*09
$RSRFA,1688650479.244,41.5674,-71.3991,39.88,RSI,3,3,362.0,11.62,41.5706,-71.3982,8.2,15.5,100,*09
$RSRFA,1688650479.249,41.5674,-71.3991,39.88,RSI,4,4,538.6,332.97,41.5717,-71.4020,8.7,15.5,100,*30
$RSRFA,1688650483.542,41.5675,-71.3990,341.33,RSI,3,3,353.4,0.65,41.5707,-71.3989,8.2,15.5,100,*0A
$RSRFA,1688650483.547,41.5675,-71.3990,341.33,RSI,4,4,535.8,315.59,41.5709,-71.4035,8.7,15.5,100,*0F
$RSRFA,1688650487.852,41.5676,-71.3990,325.75,RSI,3,3,340.8,6.37,41.5706,-71.3986,8.2,15.5,100,*00
$RSRFA,1688650487.857,41.5676,-71.3990,325.75,RSI,4,4,523.9,310.71,41.5707,-71.4038,8.7,15.5,100,*0E
$RSRFA,1688650491.985,41.5677,-71.3991,345.66,RSI,3,3,327.8,3.36,41.5706,-71.3989,8.2,15.5,100,*02
$RSRFA,1688650491.991,41.5677,-71.3991,345.66,RSI,4,4,510.5,315.21,41.5710,-71.4034,8.7,15.5,100,*00
$RSRFA,1688650496.312,41.5678,-71.3991,333.58,RSI,3,3,313.0,4.19,41.5706,-71.3988,8.2,15.5,100,*06
$RSRFA,1688650496.317,41.5678,-71.3991,333.58,RSI,4,4,497.7,310.99,41.5708,-71.4036,8.7,15.5,100,*01
$RSRFA,1688650500.582,41.5680,-71.3992,341.49,RSI,3,3,299.1,5.50,41.5706,-71.3988,8.2,15.5,100,*08
$RSRFA,1688650500.587,41.5680,-71.3992,341.49,RSI,4,4,484.4,312.61,41.5709,-71.4035,8.7,15.5,100,*07
$RSRFA,1688650504.879,41.5681,-71.3992,330.41,RSI,3,3,284.3,12.09,41.5706,-71.3985,8.2,15.5,100,*33
$RSRFA,1688650504.884,41.5681,-71.3992,330.41,RSI,4,4,470.8,312.00,41.5709,-71.4034,8.7,15.5,100,*03
$RSRFA,1688650509.041,41.5682,-71.3993,325.00,RSI,4,4,455.8,306.74,41.5707,-71.4037,8.7,15.5,100,*00
$RSRFA,1688650513.36,41.5684,-71.3994,333.07,RSI,3,3,257.6,17.64,41.5706,-71.3984,8.2,15.5,100,*00
$RSRFA,1688650513.364,41.5684,-71.3994,333.07,RSI,4,4,442.0,313.46,41.5711,-71.4032,8.7,15.5,100,*07
$RSRFA,1688650517.663,41.5685,-71.3995,334.78,RSI,3,3,245.2,10.13,41.5707,-71.3989,8.2,15.5,100,*31
$RSRFA,1688650517.668,41.5685,-71.3995,334.78,RSI,4,4,427.9,305.73,41.5707,-71.4036,8.7,15.5,100,*0D
$RSRFA,1688650521.942,41.5686,-71.3995,331.17,RSI,3,3,231.6,15.62,41.5706,-71.3988,8.2,15.5,100,*33
$RSRFA,1688650521.947,41.5686,-71.3995,331.17,RSI,4,4,415.2,302.86,41.5706,-71.4037,8.7,15.5,100,*02
$RSRFA,1688650526.224,41.5687,-71.3995,343.31,RSI,3,3,217.8,31.88,41.5704,-71.3982,8.2,15.5,100,*3F
$RSRFA,1688650530.455,41.5689,-71.3996,336.33,RSI,4,4,390.8,313.53,41.5713,-71.4030,8.7,15.5,100,*0A
$RSRFA,1688650534.749,41.5690,-71.3997,333.99,RSI,3,3,193.9,28.35,41.5705,-71.3986,8.2,15.5,100,*36
$RSRFA,1688650539.026,41.5691,-71.3997,324.99,RSI,3,3,183.4,26.07,41.5706,-71.3988,8.2,15.5,100,*3C
$RSRFA,1688650543.309,41.5692,-71.3998,317.06,RSI,3,3,175.0,31.96,41.5706,-71.3987,8.2,15.5,100,*39
$RSRFA,1688650547.57,41.5694,-71.4000,326.05,RSI,3,3,169.1,33.55,41.5706,-71.3988,8.2,15.5,100,*03
$RSRFA,1688650551.956,41.5695,-71.4001,319.54,RSI,3,3,164.4,35.08,41.5707,-71.3989,8.2,15.5,100,*32
$RSRFA,1688650556.181,41.5696,-71.4002,323.60,RSI,3,3,160.2,49.54,41.5705,-71.3987,8.2,15.5,100,*35
$RSRFA,1688650560.427,41.5697,-71.4003,320.91,RSI,3,3,157.7,48.15,41.5706,-71.3989,8.2,15.5,100,*3C
$RSRFA,1688650564.682,41.5698,-71.4004,322.13,RSI,3,3,154.9,70.66,41.5703,-71.3986,8.2,15.5,100,*3D
$RSRFA,1688650564.687,41.5698,-71.4004,322.13,RSI,4,4,274.2,298.66,41.5710,-71.4033,8.7,15.5,100,*01
$RSRFA,1688650568.941,41.5699,-71.4005,334.52,RSI,3,3,153.9,67.92,41.5705,-71.3988,8.2,15.5,100,*31
$RSRFA,1688650568.946,41.5699,-71.4005,334.52,RSI,4,4,261.0,54.42,41.5713,-71.3979,8.7,15.5,100,*3C
$RSRFA,1688650573.274,41.5701,-71.4006,323.86,RSI,3,3,154.2,73.52,41.5705,-71.3988,8.2,15.5,100,*3F
$RSRFA,1688650573.279,41.5701,-71.4006,323.86,RSI,4,4,247.3,293.88,41.5710,-71.4033,8.7,15.5,100,*06
$RSRFA,1688650577.56,41.5702,-71.4007,333.41,RSI,3,3,156.2,81.98,41.5704,-71.3988,8.2,15.5,100,*09
$RSRFA,1688650577.565,41.5702,-71.4007,333.41,RSI,4,4,234.6,37.07,41.5719,-71.3990,8.7,15.5,100,*34
$RSRFA,1688650581.656,41.5703,-71.4008,331.18,RSI,3,3,157.3,80.47,41.5706,-71.3989,8.2,15.5,100,*36
$RSRFA,1688650585.962,41.5705,-71.4008,329.29,RSI,3,3,160.9,90.97,41.5704,-71.3989,8.2,15.5,100,*37
$RSRFA,1688650590.062,41.5706,-71.4009,329.04,RSI,4,4,202.4,287.11,41.5711,-71.4032,8.7,15.5,100,*08
$RSRFA,1688650602.775,41.5709,-71.4012,306.56,RSI,3,3,195.8,105.58,41.5704,-71.3990,8.2,15.5,100,*0C
$RSRFA,1688650607.024,41.5710,-71.4014,306.48,RSI,3,3,210.4,99.29,41.5707,-71.3989,8.2,15.5,100,*30
$RSRFA,1688650607.03,41.5710,-71.4014,306.48,RSI,4,4,153.4,271.43,41.5710,-71.4032,8.7,15.5,100,*34
$RSRFA,1688650611.255,41.5711,-71.4016,304.54,RSI,3,3,225.8,162.37,41.5691,-71.4007,8.2,15.5,100,*09
$RSRFA,1688650611.26,41.5711,-71.4016,304.54,RSI,4,4,139.4,267.02,41.5710,-71.4032,8.7,15.5,100,*36
$RSRFA,1688650615.548,41.5712,-71.4017,304.26,RSI,3,3,241.7,105.92,41.5706,-71.3989,8.2,15.5,100,*05
$RSRFA,1688650615.552,41.5712,-71.4017,304.26,RSI,4,4,125.6,267.29,41.5711,-71.4032,8.7,15.5,100,*04
$RSRFA,1688650619.869,41.5712,-71.4019,278.62,RSI,3,3,259.1,125.07,41.5699,-71.3994,8.2,15.5,100,*09
$RSRFA,1688650619.875,41.5712,-71.4019,278.62,RSI,4,4,110.2,261.03,41.5711,-71.4032,8.7,15.5,100,*08
$RSRFA,1688650624.207,41.5712,-71.4021,263.79,RSI,3,3,276.2,112.35,41.5703,-71.3991,8.2,15.5,100,*02
$RSRFA,1688650624.365,41.5712,-71.4021,263.79,RSI,4,4,91.4,250.70,41.5709,-71.4032,8.7,15.5,100,*36
$RSRFA,1688650628.559,41.5711,-71.4024,256.41,RSI,3,3,293.9,105.67,41.5704,-71.3990,8.2,15.5,100,*0E
$RSRFA,1688650637.074,41.5711,-71.4029,273.88,RSI,4,4,31.2,271.92,41.5711,-71.4032,8.7,15.5,100,*39
$RSRFA,1688650645.797,41.5710,-71.4034,269.88,RSI,3,3,374.9,105.63,41.5701,-71.3990,8.2,15.5,100,*05
$RSRFA,1688650650.039,41.5710,-71.4036,251.48,RSI,3,3,395.1,101.43,41.5703,-71.3990,8.2,15.5,100,*04
$RSRFA,1688650650.044,41.5710,-71.4036,251.48,RSI,4,4,36.8,75.07,41.5711,-71.4032,8.7,15.5,100,*0F
$RSRFA,1688650654.353,41.5709,-71.4038,250.17,RSI,3,3,412.9,98.35,41.5703,-71.3989,8.2,15.5,100,*3A
$RSRFA,1688650654.359,41.5709,-71.4038,250.17,RSI,4,4,58.3,70.05,41.5711,-71.4032,8.7,15.5,100,*0D
$RSRFA,1688650658.634,41.5708,-71.4041,273.55,RSI,3,3,431.4,82.59,41.5713,-71.3989,8.2,15.5,100,*36
$RSRFA,1688650658.639,41.5708,-71.4041,273.55,RSI,4,4,78.8,50.64,41.5712,-71.4033,8.7,15.5,100,*04
$RSRFA,1688650662.91,41.5708,-71.4043,310.41,RSI,3,3,446.9,92.05,41.5707,-71.3989,8.2,15.5,100,*05
$RSRFA,1688650667.152,41.5709,-71.4044,331.75,RSI,3,3,458.2,92.02,41.5708,-71.3989,8.2,15.5,100,*30
$RSRFA,1688650667.157,41.5709,-71.4044,331.75,RSI,4,4,98.2,87.04,41.5710,-71.4032,8.7,15.5,100,*0D
$RSRFA,1688650671.443,41.5711,-71.4045,343.02,RSI,3,3,464.7,103.51,41.5701,-71.3991,8.2,15.5,100,*0A
$RSRFA,1688650671.448,41.5711,-71.4045,343.02,RSI,4,4,101.9,99.95,41.5709,-71.4033,8.7,15.5,100,*38
$RSRFA,1688650675.689,41.5712,-71.4045,331.06,RSI,3,3,470.8,103.90,41.5702,-71.3990,8.2,15.5,100,*0D
$RSRFA,1688650675.694,41.5712,-71.4045,331.06,RSI,4,4,107.4,110.94,41.5709,-71.4033,8.7,15.5,100,*07
$RSRFA,1688650679.942,41.5714,-71.4046,317.10,RSI,3,3,480.6,110.16,41.5699,-71.3992,8.2,15.5,100,*03
$RSRFA,1688650679.947,41.5714,-71.4046,317.10,RSI,4,4,118.1,113.15,41.5709,-71.4033,8.7,15.5,100,*0D
$RSRFA,1688650684.333,41.5715,-71.4047,305.32,RSI,3,3,494.7,107.09,41.5702,-71.3991,8.2,15.5,100,*02
$RSRFA,1688650684.338,41.5715,-71.4047,305.32,RSI,4,4,133.2,121.29,41.5708,-71.4034,8.7,15.5,100,*0C
$RSRFA,1688650688.501,41.5716,-71.4049,299.05,RSI,3,3,510.2,100.65,41.5707,-71.3989,8.2,15.5,100,*0D
$RSRFA,1688650688.506,41.5716,-71.4049,299.05,RSI,4,4,149.6,120.58,41.5709,-71.4034,8.7,15.5,100,*09
$RSRFA,1688650692.891,41.5716,-71.4051,275.05,RSI,3,3,527.7,123.18,41.5690,-71.3998,8.2,15.5,100,*0C
$RSRFA,1688650697.114,41.5716,-71.4053,268.45,RSI,4,4,184.2,116.37,41.5709,-71.4033,8.7,15.5,100,*0F
$RSRFA,1688650701.408,41.5716,-71.4056,263.86,RSI,3,3,564.2,113.33,41.5696,-71.3993,8.2,15.5,100,*05
$RSRFA,1688650701.414,41.5716,-71.4056,263.86,RSI,4,4,202.0,113.13,41.5709,-71.4033,8.7,15.5,100,*09
$RSRFA,1688650705.746,41.5715,-71.4058,253.12,RSI,3,3,582.6,103.38,41.5703,-71.3990,8.2,15.5,100,*03
$RSRFA,1688650705.751,41.5715,-71.4058,253.12,RSI,4,4,219.6,105.14,41.5710,-71.4032,8.7,15.5,100,*09
$RSRFA,1688650710.048,41.5714,-71.4060,255.77,RSI,3,3,599.7,104.05,41.5701,-71.3990,8.2,15.5,100,*01
$RSRFA,1688650710.053,41.5714,-71.4060,255.77,RSI,4,4,236.1,104.72,41.5709,-71.4033,8.7,15.5,100,*05
$RSRFA,1688650714.311,41.5714,-71.4062,252.48,RSI,3,3,617.1,100.49,41.5704,-71.3990,8.2,15.5,100,*09
$RSRFA,1688650714.316,41.5714,-71.4062,252.48,RSI,4,4,253.5,100.25,41.5710,-71.4032,8.7,15.5,100,*02
$RSRFA,1688650718.609,41.5713,-71.4065,251.19,RSI,3,3,634.7,99.69,41.5703,-71.3990,8.2,15.5,100,*3D
$RSRFA,1688650718.615,41.5713,-71.4065,251.19,RSI,4,4,271.3,99.45,41.5709,-71.4033,8.7,15.5,100,*37
$RSRFA,1688650722.773,41.5712,-71.4067,245.54,RSI,3,3,652.0,97.39,41.5704,-71.3989,8.2,15.5,100,*34
$RSRFA,1688650722.778,41.5712,-71.4067,245.54,RSI,4,4,289.3,94.19,41.5710,-71.4032,8.7,15.5,100,*31
$RSRFA,1688650727.057,41.5710,-71.4069,236.52,RSI,3,3,668.3,101.65,41.5698,-71.3990,8.2,15.5,100,*0F
$RSRFA,1688650727.062,41.5710,-71.4069,236.52,RSI,4,4,306.6,98.60,41.5706,-71.4033,8.7,15.5,100,*31
$RSRFA,1688650731.311,41.5709,-71.4071,222.34,RSI,3,3,682.5,95.11,41.5703,-71.3989,8.2,15.5,100,*3B
$RSRFA,1688650731.315,41.5709,-71.4071,222.34,RSI,4,4,322.6,88.16,41.5710,-71.4032,8.7,15.5,100,*31
$RSRFA,1688650735.549,41.5707,-71.4072,258.20,RSI,3,3,694.8,107.63,41.5688,-71.3993,8.2,15.5,100,*0D
$RSRFA,1688650735.555,41.5707,-71.4072,258.20,RSI,4,4,337.4,107.12,41.5698,-71.4034,8.7,15.5,100,*01
$RSRFA,1688650739.835,41.5706,-71.4074,275.05,RSI,3,3,712.6,76.19,41.5722,-71.3991,8.2,15.5,100,*30
$RSRFA,1688650739.84,41.5706,-71.4074,275.05,RSI,4,4,355.7,75.66,41.5714,-71.4033,8.7,15.5,100,*09
$RSRFA,1688650744.152,41.5706,-71.4077,271.53,RSI,3,3,732.3,89.79,41.5706,-71.3989,8.2,15.5,100,*38
$RSRFA,1688650744.157,41.5706,-71.4077,271.53,RSI,4,4,375.0,92.74,41.5705,-71.4032,8.7,15.5,100,*36
$RSRFA,1688650748.43,41.5706,-71.4079,262.99,RSI,3,3,753.6,59.05,41.5741,-71.4002,8.2,15.5,100,*05
$RSRFA,1688650748.435,41.5706,-71.4079,262.99,RSI,4,4,396.7,91.23,41.5705,-71.4032,8.7,15.5,100,*3A
$RSRFA,1688650752.687,41.5705,-71.4082,264.17,RSI,3,3,774.0,109.77,41.5682,-71.3994,8.2,15.5,100,*0A
$RSRFA,1688650756.976,41.5705,-71.4084,274.46,RSI,3,3,794.2,78.17,41.5719,-71.3991,8.2,15.5,100,*37
$RSRFA,1688650761.271,41.5705,-71.4087,274.89,RSI,3,3,814.6,92.07,41.5702,-71.3989,8.2,15.5,100,*3A
$RSRFA,1688650761.276,41.5705,-71.4087,274.89,RSI,4,4,459.3,87.00,41.5707,-71.4032,8.7,15.5,100,*30
$RSRFA,1688650765.547,41.5704,-71.4089,275.94,RSI,3,3,834.9,83.99,41.5712,-71.3989,8.2,15.5,100,*35
$RSRFA,1688650765.552,41.5704,-71.4089,275.94,RSI,4,4,479.5,79.99,41.5712,-71.4032,8.7,15.5,100,*36
$RSRFA,1688650769.787,41.5704,-71.4092,278.29,RSI,4,4,499.3,82.20,41.5710,-71.4032,8.7,15.5,100,*3D
$RSRFA,1688650774.104,41.5704,-71.4094,273.19,RSI,4,4,519.5,69.29,41.5721,-71.4035,8.7,15.5,100,*34
$RSRFA,1688650778.393,41.5704,-71.4096,279.94,RSI,4,4,539.1,80.20,41.5712,-71.4032,8.7,15.5,100,*36
$RSRFA,1688650782.699,41.5704,-71.4099,285.13,RSI,4,4,558.0,85.86,41.5708,-71.4032,8.7,15.5,100,*3B
$RSRFA,1688650787.013,41.5704,-71.4101,273.00,RSI,3,3,934.4,69.17,41.5734,-71.3996,8.2,15.5,100,*33
$RSRFA,1688650791.346,41.5704,-71.4103,267.94,RSI,3,3,955.0,68.67,41.5735,-71.3996,8.2,15.5,100,*39
$RSRFA,1688650791.351,41.5704,-71.4103,267.94,RSI,4,4,598.6,87.19,41.5707,-71.4032,8.7,15.5,100,*38
$RSRFA,1688650799.966,41.5703,-71.4108,267.21,RSI,4,4,640.7,91.23,41.5702,-71.4031,8.7,15.5,100,*33
$RSRFA,1688650804.226,41.5702,-71.4111,265.37,RSI,4,4,661.5,90.34,41.5702,-71.4031,8.7,15.5,100,*3D
$RSRFA,1688650808.641,41.5702,-71.4113,260.21,RSI,4,4,683.2,92.52,41.5699,-71.4031,8.7,15.5,100,*3E
$RSRFA,1688650817.259,41.5700,-71.4118,268.51,RSI,3,3,1077.5,115.85,41.5658,-71.4001,8.2,15.5,100,*3F
$RSRFA,1688650821.533,41.5700,-71.4120,261.29,RSI,4,4,744.1,82.15,41.5709,-71.4032,8.7,15.5,100,*38
$RSRFA,1688650830.128,41.5698,-71.4125,267.04,RSI,3,3,1137.4,86.26,41.5705,-71.3989,8.2,15.5,100,*0F
$RSRFA,1688650830.132,41.5698,-71.4125,267.04,RSI,4,4,785.1,115.43,41.5668,-71.4040,8.7,15.5,100,*03
$RSRFA,1688650834.401,41.5698,-71.4127,259.16,RSI,3,3,1157.4,106.82,41.5668,-71.3994,8.2,15.5,100,*3E
$RSRFA,1688650843.041,41.5697,-71.4132,235.72,RSI,3,3,1194.3,88.48,41.5699,-71.3988,8.2,15.5,100,*07
$RSRFA,1688650843.046,41.5697,-71.4132,235.72,RSI,4,4,843.9,91.62,41.5694,-71.4030,8.7,15.5,100,*3D
$RSRFA,1688650847.325,41.5695,-71.4133,236.62,RSI,3,3,1210.3,86.58,41.5702,-71.3988,8.2,15.5,100,*00
$RSRFA,1688650855.926,41.5692,-71.4137,214.47,RSI,4,4,893.9,78.15,41.5709,-71.4032,8.7,15.5,100,*3D
$RSRFA,1688650864.47,41.5690,-71.4140,268.33,RSI,4,4,927.1,63.30,41.5727,-71.4040,8.7,15.5,100,*09
$RSRFA,1688650868.768,41.5690,-71.4142,292.33,RSI,4,4,943.3,69.05,41.5720,-71.4036,8.7,15.5,100,*32
$RSRFA,1688650873.046,41.5691,-71.4144,309.56,RSI,4,4,955.2,86.28,41.5696,-71.4029,8.7,15.5,100,*3E
$RSRFA,1688650877.401,41.5692,-71.4145,311.39,RSI,4,4,962.9,80.75,41.5706,-71.4031,8.7,15.5,100,*3F
$RSRFA,1688650881.791,41.5693,-71.4147,306.63,RSI,3,3,1321.2,72.53,41.5729,-71.3995,8.2,15.5,100,*00
$RSRFA,1688650881.795,41.5693,-71.4147,306.63,RSI,4,4,972.0,67.96,41.5726,-71.4038,8.7,15.5,100,*35
$RSRFA,1688650886.062,41.5694,-71.4148,35.55,RSI,3,3,1321.7,85.75,41.5703,-71.3989,8.2,15.5,100,*3E
$RSRFA,1688650886.067,41.5694,-71.4148,35.55,RSI,4,4,971.9,78.33,41.5712,-71.4033,8.7,15.5,100,*01
$RSRFA,1688650890.331,41.5695,-71.4146,38.13,RSI,3,3,1307.1,92.56,41.5690,-71.3989,8.2,15.5,100,*32
$RSRFA,1688650890.336,41.5695,-71.4146,38.13,RSI,4,4,956.7,90.38,41.5695,-71.4031,8.7,15.5,100,*0B
$RSRFA,1688650894.652,41.5696,-71.4144,38.20,RSI,4,4,940.4,88.38,41.5699,-71.4031,8.7,15.5,100,*08
$RSRFA,1688650898.957,41.5697,-71.4143,38.59,RSI,3,3,1276.2,91.08,41.5695,-71.3989,8.2,15.5,100,*30
$RSRFA,1688650907.552,41.5700,-71.4139,31.15,RSI,3,3,1245.7,93.12,41.5694,-71.3990,8.2,15.5,100,*38
$RSRFA,1688650911.908,41.5701,-71.4138,27.73,RSI,3,3,1232.8,88.41,41.5704,-71.3990,8.2,15.5,100,*30
$RSRFA,1688650911.913,41.5701,-71.4138,27.73,RSI,4,4,877.6,82.98,41.5711,-71.4033,8.7,15.5,100,*06
$RSRFA,1688650916.194,41.5702,-71.4136,57.24,RSI,3,3,1220.2,87.45,41.5707,-71.3990,8.2,15.5,100,*33
$RSRFA,1688650916.199,41.5702,-71.4136,57.24,RSI,4,4,864.3,75.14,41.5722,-71.4036,8.7,15.5,100,*0D
$RSRFA,1688650920.742,41.5703,-71.4134,81.69,RSI,3,3,1201.5,89.44,41.5704,-71.3990,8.2,15.5,100,*32
$RSRFA,1688650925.078,41.5703,-71.4132,83.70,RSI,3,3,1180.6,222.02,41.5624,-71.4227,8.2,15.5,100,*0E
$RSRFA,1688650933.435,41.5703,-71.4126,72.33,RSI,3,3,1137.4,93.48,41.5696,-71.3990,8.2,15.5,100,*39
$RSRFA,1688650937.706,41.5703,-71.4124,78.02,RSI,3,3,1116.7,90.20,41.5702,-71.3990,8.2,15.5,100,*35
$RSRFA,1688650941.972,41.5703,-71.4122,83.67,RSI,3,3,1096.0,94.56,41.5695,-71.3990,8.2,15.5,100,*3C
$RSRFA,1688650954.688,41.5702,-71.4114,88.42,RSI,4,4,678.2,73.97,41.5719,-71.4036,8.7,15.5,100,*09
$RSRFA,1688650958.936,41.5702,-71.4111,86.12,RSI,4,4,657.8,67.35,41.5725,-71.4038,8.7,15.5,100,*0A
$RSRFA,1688650963.143,41.5702,-71.4109,81.14,RSI,4,4,637.4,70.81,41.5721,-71.4036,8.7,15.5,100,*09
$RSRFA,1688650967.352,41.5702,-71.4106,70.03,RSI,3,3,970.8,108.92,41.5673,-71.3996,8.2,15.5,100,*33
$RSRFA,1688650967.357,41.5702,-71.4106,70.03,RSI,4,4,617.3,85.73,41.5706,-71.4032,8.7,15.5,100,*0E
$RSRFA,1688650971.524,41.5702,-71.4104,65.42,RSI,3,3,951.4,90.43,41.5701,-71.3990,8.2,15.5,100,*01
$RSRFA,1688650971.529,41.5702,-71.4104,65.42,RSI,4,4,597.7,83.09,41.5709,-71.4033,8.7,15.5,100,*0F
$RSRFA,1688650975.71,41.5702,-71.4102,77.37,RSI,4,4,577.6,61.83,41.5727,-71.4040,8.7,15.5,100,*3D
$RSRFA,1688650979.992,41.5702,-71.4099,83.45,RSI,4,4,557.0,70.54,41.5719,-71.4036,8.7,15.5,100,*0A
$RSRFA,1688650984.208,41.5702,-71.4097,84.00,RSI,4,4,536.3,66.81,41.5721,-71.4037,8.7,15.5,100,*09
$RSRFA,1688650992.635,41.5698,-71.4053,55.90,RSI,3,3,531.2,84.53,41.5703,-71.3989,8.2,15.5,100,*00
$RSRFA,1688650992.639,41.5698,-71.4053,55.90,RSI,4,4,214.2,42.47,41.5712,-71.4035,8.7,15.5,100,*0F
$RSRFA,1688650996.904,41.5699,-71.4050,53.19,RSI,3,3,508.7,83.84,41.5704,-71.3989,8.2,15.5,100,*09
$RSRFA,1688650996.909,41.5699,-71.4050,53.19,RSI,4,4,192.5,39.49,41.5712,-71.4035,8.7,15.5,100,*0A
$RSRFA,1688651001.117,41.5700,-71.4048,55.50,RSI,3,3,489.2,80.80,41.5707,-71.3990,8.2,15.5,100,*07
$RSRFA,1688651001.124,41.5700,-71.4048,55.50,RSI,4,4,173.6,37.44,41.5712,-71.4035,8.7,15.5,100,*07